5
100
1 2 3 4 5 6 7 8 9 10 11 12 13 14 15 16 17 18 19 20 21 22 23 24 25 26 27 28 29 30 31 32 33 34 35 36 37 38 39 40 41 42 43 44 45 46 47 48 49 50 51 52 53 54 55 56 57 58 59 60 61 62 63 64 65 66 67 68 69 70 71 72 73 74 75 76 77 78 79 80 81 82 83 84 85 86 87 88 89 90 91 92 93 94 95 96 97 98 99 100
64
6 6 6 6 6 6 6 6 6 6 6 6 6 6 6 6 6 6 6 6 6 6 6 6 6 6 6 6 6 6 6 6 6 6 8 8 8 8 8 8 8 8 8 8 8 8 8 8 8 8 8 8 8 8 8 8 8 8 8 8 8 8
73
1 2 2 1 2 2 1 2 2 1 1 1 2 2 1 2 1 2 1 2 1 1 1 2 2 2 2 2 1 2 2 1 1 2 1 2 1 1 2 1 1 1 2 2 2 1 1 2 1 2 2 1 1 2 1 2 2 1 2 2 1 2 1 1 2 1 1 2 1 2 2 2 2
96
26 3 58 18 65 76 56 22 45 33 13 48 41 86 24 76 38 76 6 56 38 32 68 67 48 87 59 27 4 82 47 15 3 59 77 27 31 83 63 71 74 78 26 86 35 23 58 30 15 15 46 86 17 70 12 34 54 78 14 17 85 7 75 47 61 7 53 71 72 6 79 62 85 56 57 6 19 69 12 12 68 47 64 46 82 49 3 23 7 81 47 4 15 49 80 16
83
2 4 1 5 5 1 1 5 2 1 1 3 3 3 2 2 3 1 3 4 2 5 1 1 5 5 1 4 1 3 3 2 1 1 5 5 1 2 2 2 2 4 4 3 2 1 1 1 2 1 3 4 2 4 1 2 2 1 4 5 5 1 2 2 5 4 2 1 3 3 2 1 4 2 4 4 3 1 2 4 3 2 3